21 55 2
55 32 81
2 64 54
32 89 69
81 44 76
64 13 -1
54 42 57
89 61 19
69 -1 88
44 -1 31
76 -1 -1
13 66 52
42 83 82
57 62 6
61 24 -1
19 71 -1
88 86 -1
31 59 -1
66 95 39
52 15 -1
83 30 18
82 37 53
62 45 35
6 11 96
24 16 87
71 -1 -1
86 91 -1
59 -1 -1
95 -1 -1
39 -1 -1
15 -1 34
30 36 -1
18 63 -1
37 -1 -1
53 75 68
45 -1 93
35 -1 80
11 -1 85
96 43 4
16 -1 -1
87 -1 -1
91 -1 -1
34 -1 -1
36 -1 -1
63 -1 5
75 92 72
68 65 12
93 -1 26
80 -1 48
85 49 -1
43 17 8
4 -1 28
5 -1 84
92 33 10
72 -1 41
65 -1 73
12 90 7
26 -1 -1
48 -1 -1
49 38 -1
17 -1 67
8 23 -1
28 -1 100
84 -1 -1
33 3 -1
10 77 79
41 14 -1
73 -1 60
90 47 -1
7 40 9
38 -1 -1
67 70 -1
23 -1 -1
100 -1 58
3 -1 98
77 -1 -1
79 -1 -1
14 99 -1
60 -1 -1
47 22 27
40 -1 -1
9 46 -1
70 51 56
58 -1 -1
98 1 29
99 50 -1
22 -1 -1
27 -1 -1
46 -1 -1
51 -1 20
56 25 -1
1 -1 -1
29 97 74
50 -1 -1
20 -1 -1
25 -1 78
97 -1 -1
74 -1 94
78 -1 -1
94 -1 -1
